0	0	0	SRR1778450	0	0	0	t2d	0
0	0	0	SRR1778451	0	0	0	t2d	0
0	0	0	SRR1778452	0	0	0	t2d	0
0	0	0	SRR1778453	0	0	0	t2d	0
0	0	0	SRR1778454	0	0	0	t2d	0
0	0	0	SRR1778455	0	0	0	t2d	0
0	0	0	SRR1778456	0	0	0	t2d	0
0	0	0	SRR341581	0	0	0	t2d	0
0	0	0	SRR341582	0	0	0	t2d	0
0	0	0	SRR341583	0	0	0	t2d	0
0	0	0	SRR341584	0	0	0	t2d	0
0	0	0	SRR341585	0	0	0	t2d	0
0	0	0	SRR341586	0	0	0	t2d	0
0	0	0	SRR341587	0	0	0	t2d	0
0	0	0	SRR341588	0	0	0	t2d	0
0	0	0	SRR341589	0	0	0	t2d	0
0	0	0	SRR341590	0	0	0	t2d	0
0	0	0	SRR341591	0	0	0	t2d	0
0	0	0	SRR341592	0	0	0	t2d	0
0	0	0	SRR341593	0	0	0	t2d	0
0	0	0	SRR341594	0	0	0	t2d	0
0	0	0	SRR341595	0	0	0	t2d	0
0	0	0	SRR341596	0	0	0	t2d	0
0	0	0	SRR341597	0	0	0	t2d	0
0	0	0	SRR341598	0	0	0	t2d	0
0	0	0	SRR341599	0	0	0	t2d	0
0	0	0	SRR341600	0	0	0	t2d	0
0	0	0	SRR341601	0	0	0	t2d	0
0	0	0	SRR341602	0	0	0	t2d	0
0	0	0	SRR341603	0	0	0	t2d	0
0	0	0	SRR341604	0	0	0	t2d	0
0	0	0	SRR341605	0	0	0	t2d	0
0	0	0	SRR341606	0	0	0	t2d	0
0	0	0	SRR341607	0	0	0	t2d	0
0	0	0	SRR341608	0	0	0	t2d	0
0	0	0	SRR341609	0	0	0	t2d	0
0	0	0	SRR341610	0	0	0	t2d	0
0	0	0	SRR341611	0	0	0	t2d	0
0	0	0	SRR341612	0	0	0	t2d	0
0	0	0	SRR341613	0	0	0	t2d	0
0	0	0	SRR341614	0	0	0	t2d	0
0	0	0	SRR341615	0	0	0	t2d	0
0	0	0	SRR341616	0	0	0	con	0
0	0	0	SRR341617	0	0	0	con	0
0	0	0	SRR341618	0	0	0	con	0
0	0	0	SRR341619	0	0	0	con	0
0	0	0	SRR341620	0	0	0	con	0
0	0	0	SRR341621	0	0	0	con	0
0	0	0	SRR341622	0	0	0	con	0
0	0	0	SRR341623	0	0	0	con	0
0	0	0	SRR341624	0	0	0	con	0
0	0	0	SRR341625	0	0	0	con	0
0	0	0	SRR341626	0	0	0	con	0
0	0	0	SRR341627	0	0	0	con	0
0	0	0	SRR341628	0	0	0	con	0
0	0	0	SRR341629	0	0	0	con	0
0	0	0	SRR341630	0	0	0	con	0
0	0	0	SRR341631	0	0	0	con	0
0	0	0	SRR341632	0	0	0	con	0
0	0	0	SRR341633	0	0	0	con	0
0	0	0	SRR341634	0	0	0	con	0
0	0	0	SRR341635	0	0	0	con	0
0	0	0	SRR341636	0	0	0	con	0
0	0	0	SRR341637	0	0	0	con	0
0	0	0	SRR341638	0	0	0	con	0
0	0	0	SRR341639	0	0	0	con	0
0	0	0	SRR341640	0	0	0	con	0
0	0	0	SRR341641	0	0	0	con	0
0	0	0	SRR341642	0	0	0	con	0
0	0	0	SRR341643	0	0	0	con	0
0	0	0	SRR341644	0	0	0	con	0
0	0	0	SRR341645	0	0	0	con	0
0	0	0	SRR341646	0	0	0	con	0
0	0	0	SRR341647	0	0	0	con	0
0	0	0	SRR341648	0	0	0	con	0
0	0	0	SRR341649	0	0	0	con	0
0	0	0	SRR341650	0	0	0	con	0
0	0	0	SRR341651	0	0	0	con	0
0	0	0	SRR341652	0	0	0	con	0
0	0	0	SRR341653	0	0	0	con	0
0	0	0	SRR341654	0	0	0	t2d	0
0	0	0	SRR341655	0	0	0	t2d	0
0	0	0	SRR341656	0	0	0	t2d	0
0	0	0	SRR341657	0	0	0	t2d	0
0	0	0	SRR341658	0	0	0	t2d	0
0	0	0	SRR341659	0	0	0	t2d	0
0	0	0	SRR341660	0	0	0	t2d	0
0	0	0	SRR341661	0	0	0	t2d	0
0	0	0	SRR341662	0	0	0	t2d	0
0	0	0	SRR341663	0	0	0	t2d	0
0	0	0	SRR341664	0	0	0	t2d	0
0	0	0	SRR341665	0	0	0	t2d	0
0	0	0	SRR341666	0	0	0	t2d	0
0	0	0	SRR341667	0	0	0	t2d	0
0	0	0	SRR341668	0	0	0	t2d	0
0	0	0	SRR341669	0	0	0	t2d	0
0	0	0	SRR341670	0	0	0	t2d	0
0	0	0	SRR341671	0	0	0	t2d	0
0	0	0	SRR341672	0	0	0	t2d	0
0	0	0	SRR341673	0	0	0	t2d	0
0	0	0	SRR341674	0	0	0	t2d	0
0	0	0	SRR341675	0	0	0	t2d	0
0	0	0	SRR341676	0	0	0	t2d	0
0	0	0	SRR341677	0	0	0	t2d	0
0	0	0	SRR341678	0	0	0	t2d	0
0	0	0	SRR341679	0	0	0	t2d	0
0	0	0	SRR341680	0	0	0	t2d	0
0	0	0	SRR341681	0	0	0	t2d	0
0	0	0	SRR341682	0	0	0	t2d	0
0	0	0	SRR341683	0	0	0	t2d	0
0	0	0	SRR341684	0	0	0	t2d	0
0	0	0	SRR341685	0	0	0	t2d	0
0	0	0	SRR341686	0	0	0	t2d	0
0	0	0	SRR341687	0	0	0	t2d	0
0	0	0	SRR341688	0	0	0	t2d	0
0	0	0	SRR341689	0	0	0	t2d	0
0	0	0	SRR341690	0	0	0	con	0
0	0	0	SRR341691	0	0	0	con	0
0	0	0	SRR341692	0	0	0	con	0
0	0	0	SRR341693	0	0	0	con	0
0	0	0	SRR341694	0	0	0	con	0
0	0	0	SRR341695	0	0	0	con	0
0	0	0	SRR341696	0	0	0	con	0
0	0	0	SRR341697	0	0	0	con	0
0	0	0	SRR341698	0	0	0	con	0
0	0	0	SRR341699	0	0	0	con	0
0	0	0	SRR341700	0	0	0	con	0
0	0	0	SRR341701	0	0	0	con	0
0	0	0	SRR341702	0	0	0	con	0
0	0	0	SRR341703	0	0	0	con	0
0	0	0	SRR341704	0	0	0	con	0
0	0	0	SRR341705	0	0	0	con	0
0	0	0	SRR341706	0	0	0	con	0
0	0	0	SRR341707	0	0	0	con	0
0	0	0	SRR341708	0	0	0	con	0
0	0	0	SRR341709	0	0	0	con	0
0	0	0	SRR341710	0	0	0	con	0
0	0	0	SRR341711	0	0	0	con	0
0	0	0	SRR341712	0	0	0	con	0
0	0	0	SRR341713	0	0	0	con	0
0	0	0	SRR341714	0	0	0	con	0
0	0	0	SRR341715	0	0	0	con	0
0	0	0	SRR341716	0	0	0	con	0
0	0	0	SRR341717	0	0	0	con	0
0	0	0	SRR341718	0	0	0	con	0
0	0	0	SRR341719	0	0	0	con	0
0	0	0	SRR341720	0	0	0	con	0
0	0	0	SRR341721	0	0	0	con	0
0	0	0	SRR341722	0	0	0	con	0
0	0	0	SRR341723	0	0	0	con	0
0	0	0	SRR341724	0	0	0	con	0
0	0	0	SRR341725	0	0	0	con	0
0	0	0	SRR413556	0	0	0	con	0
0	0	0	SRR413557	0	0	0	con	0
0	0	0	SRR413558	0	0	0	con	0
0	0	0	SRR413559	0	0	0	con	0
0	0	0	SRR413560	0	0	0	con	0
0	0	0	SRR413561	0	0	0	con	0
0	0	0	SRR413562	0	0	0	con	0
0	0	0	SRR413563	0	0	0	con	0
0	0	0	SRR413564	0	0	0	con	0
0	0	0	SRR413565	0	0	0	con	0
0	0	0	SRR413566	0	0	0	con	0
0	0	0	SRR413567	0	0	0	t2d	0
0	0	0	SRR413568	0	0	0	t2d	0
0	0	0	SRR413569	0	0	0	t2d	0
0	0	0	SRR413570	0	0	0	t2d	0
0	0	0	SRR413571	0	0	0	t2d	0
0	0	0	SRR413572	0	0	0	t2d	0
0	0	0	SRR413573	0	0	0	t2d	0
0	0	0	SRR413574	0	0	0	t2d	0
0	0	0	SRR413575	0	0	0	con	0
0	0	0	SRR413576	0	0	0	con	0
0	0	0	SRR413577	0	0	0	con	0
0	0	0	SRR413578	0	0	0	con	0
0	0	0	SRR413579	0	0	0	con	0
0	0	0	SRR413580	0	0	0	con	0
0	0	0	SRR413581	0	0	0	con	0
0	0	0	SRR413582	0	0	0	con	0
0	0	0	SRR413583	0	0	0	con	0
0	0	0	SRR413584	0	0	0	con	0
0	0	0	SRR413585	0	0	0	con	0
0	0	0	SRR413586	0	0	0	con	0
0	0	0	SRR413587	0	0	0	con	0
0	0	0	SRR413588	0	0	0	con	0
0	0	0	SRR413589	0	0	0	con	0
0	0	0	SRR413590	0	0	0	con	0
0	0	0	SRR413591	0	0	0	t2d	0
0	0	0	SRR413592	0	0	0	con	0
0	0	0	SRR413593	0	0	0	con	0
0	0	0	SRR413594	0	0	0	con	0
0	0	0	SRR413595	0	0	0	con	0
0	0	0	SRR413596	0	0	0	con	0
0	0	0	SRR413597	0	0	0	con	0
0	0	0	SRR413598	0	0	0	con	0
0	0	0	SRR413599	0	0	0	con	0
0	0	0	SRR413600	0	0	0	con	0
0	0	0	SRR413601	0	0	0	con	0
0	0	0	SRR413602	0	0	0	con	0
0	0	0	SRR413603	0	0	0	con	0
0	0	0	SRR413604	0	0	0	con	0
0	0	0	SRR413605	0	0	0	con	0
0	0	0	SRR413606	0	0	0	con	0
0	0	0	SRR413607	0	0	0	con	0
0	0	0	SRR413608	0	0	0	con	0
0	0	0	SRR413609	0	0	0	con	0
0	0	0	SRR413610	0	0	0	con	0
0	0	0	SRR413611	0	0	0	con	0
0	0	0	SRR413612	0	0	0	con	0
0	0	0	SRR413613	0	0	0	con	0
0	0	0	SRR413614	0	0	0	con	0
0	0	0	SRR413615	0	0	0	con	0
0	0	0	SRR413616	0	0	0	con	0
0	0	0	SRR413617	0	0	0	con	0
0	0	0	SRR413618	0	0	0	con	0
0	0	0	SRR413619	0	0	0	con	0
0	0	0	SRR413620	0	0	0	con	0
0	0	0	SRR413621	0	0	0	con	0
0	0	0	SRR413622	0	0	0	con	0
0	0	0	SRR413623	0	0	0	con	0
0	0	0	SRR413624	0	0	0	con	0
0	0	0	SRR413625	0	0	0	con	0
0	0	0	SRR413626	0	0	0	con	0
0	0	0	SRR413627	0	0	0	con	0
0	0	0	SRR413628	0	0	0	con	0
0	0	0	SRR413629	0	0	0	con	0
0	0	0	SRR413630	0	0	0	con	0
0	0	0	SRR413631	0	0	0	con	0
0	0	0	SRR413632	0	0	0	con	0
0	0	0	SRR413633	0	0	0	con	0
0	0	0	SRR413634	0	0	0	con	0
0	0	0	SRR413635	0	0	0	con	0
0	0	0	SRR413636	0	0	0	con	0
0	0	0	SRR413637	0	0	0	con	0
0	0	0	SRR413638	0	0	0	con	0
0	0	0	SRR413639	0	0	0	con	0
0	0	0	SRR413640	0	0	0	con	0
0	0	0	SRR413641	0	0	0	con	0
0	0	0	SRR413642	0	0	0	con	0
0	0	0	SRR413643	0	0	0	con	0
0	0	0	SRR413644	0	0	0	con	0
0	0	0	SRR413645	0	0	0	con	0
0	0	0	SRR413646	0	0	0	con	0
0	0	0	SRR413647	0	0	0	con	0
0	0	0	SRR413648	0	0	0	con	0
0	0	0	SRR413649	0	0	0	con	0
0	0	0	SRR413650	0	0	0	con	0
0	0	0	SRR413651	0	0	0	con	0
0	0	0	SRR413652	0	0	0	con	0
0	0	0	SRR413653	0	0	0	con	0
0	0	0	SRR413654	0	0	0	con	0
0	0	0	SRR413655	0	0	0	con	0
0	0	0	SRR413656	0	0	0	con	0
0	0	0	SRR413657	0	0	0	con	0
0	0	0	SRR413658	0	0	0	con	0
0	0	0	SRR413659	0	0	0	con	0
0	0	0	SRR413660	0	0	0	con	0
0	0	0	SRR413661	0	0	0	con	0
0	0	0	SRR413662	0	0	0	con	0
0	0	0	SRR413663	0	0	0	con	0
0	0	0	SRR413664	0	0	0	con	0
0	0	0	SRR413665	0	0	0	con	0
0	0	0	SRR413666	0	0	0	con	0
0	0	0	SRR413667	0	0	0	con	0
0	0	0	SRR413668	0	0	0	con	0
0	0	0	SRR413669	0	0	0	con	0
0	0	0	SRR413670	0	0	0	con	0
0	0	0	SRR413671	0	0	0	con	0
0	0	0	SRR413672	0	0	0	con	0
0	0	0	SRR413673	0	0	0	t2d	0
0	0	0	SRR413674	0	0	0	t2d	0
0	0	0	SRR413675	0	0	0	t2d	0
0	0	0	SRR413676	0	0	0	t2d	0
0	0	0	SRR413677	0	0	0	t2d	0
0	0	0	SRR413678	0	0	0	t2d	0
0	0	0	SRR413679	0	0	0	t2d	0
0	0	0	SRR413680	0	0	0	t2d	0
0	0	0	SRR413681	0	0	0	t2d	0
0	0	0	SRR413682	0	0	0	t2d	0
0	0	0	SRR413683	0	0	0	t2d	0
0	0	0	SRR413684	0	0	0	t2d	0
0	0	0	SRR413685	0	0	0	t2d	0
0	0	0	SRR413686	0	0	0	t2d	0
0	0	0	SRR413687	0	0	0	t2d	0
0	0	0	SRR413688	0	0	0	con	0
0	0	0	SRR413689	0	0	0	t2d	0
0	0	0	SRR413690	0	0	0	t2d	0
0	0	0	SRR413691	0	0	0	t2d	0
0	0	0	SRR413692	0	0	0	t2d	0
0	0	0	SRR413694	0	0	0	t2d	0
0	0	0	SRR413695	0	0	0	t2d	0
0	0	0	SRR413696	0	0	0	t2d	0
0	0	0	SRR413697	0	0	0	t2d	0
0	0	0	SRR413698	0	0	0	t2d	0
0	0	0	SRR413699	0	0	0	t2d	0
0	0	0	SRR413700	0	0	0	t2d	0
0	0	0	SRR413701	0	0	0	t2d	0
0	0	0	SRR413702	0	0	0	t2d	0
0	0	0	SRR413703	0	0	0	t2d	0
0	0	0	SRR413704	0	0	0	t2d	0
0	0	0	SRR413705	0	0	0	t2d	0
0	0	0	SRR413706	0	0	0	t2d	0
0	0	0	SRR413707	0	0	0	t2d	0
0	0	0	SRR413708	0	0	0	t2d	0
0	0	0	SRR413709	0	0	0	t2d	0
0	0	0	SRR413710	0	0	0	t2d	0
0	0	0	SRR413711	0	0	0	t2d	0
0	0	0	SRR413712	0	0	0	t2d	0
0	0	0	SRR413713	0	0	0	t2d	0
0	0	0	SRR413714	0	0	0	t2d	0
0	0	0	SRR413715	0	0	0	t2d	0
0	0	0	SRR413716	0	0	0	t2d	0
0	0	0	SRR413717	0	0	0	t2d	0
0	0	0	SRR413718	0	0	0	t2d	0
0	0	0	SRR413719	0	0	0	t2d	0
0	0	0	SRR413720	0	0	0	t2d	0
0	0	0	SRR413721	0	0	0	t2d	0
0	0	0	SRR413723	0	0	0	t2d	0
0	0	0	SRR413724	0	0	0	t2d	0
0	0	0	SRR413725	0	0	0	t2d	0
0	0	0	SRR413726	0	0	0	t2d	0
0	0	0	SRR413727	0	0	0	t2d	0
0	0	0	SRR413728	0	0	0	t2d	0
0	0	0	SRR413729	0	0	0	t2d	0
0	0	0	SRR413730	0	0	0	t2d	0
0	0	0	SRR413731	0	0	0	t2d	0
0	0	0	SRR413732	0	0	0	t2d	0
0	0	0	SRR413733	0	0	0	t2d	0
0	0	0	SRR413734	0	0	0	t2d	0
0	0	0	SRR413735	0	0	0	t2d	0
0	0	0	SRR413736	0	0	0	t2d	0
0	0	0	SRR413737	0	0	0	t2d	0
0	0	0	SRR413738	0	0	0	t2d	0
0	0	0	SRR413739	0	0	0	t2d	0
0	0	0	SRR413740	0	0	0	t2d	0
0	0	0	SRR413741	0	0	0	t2d	0
0	0	0	SRR413742	0	0	0	t2d	0
0	0	0	SRR413743	0	0	0	t2d	0
0	0	0	SRR413744	0	0	0	t2d	0
0	0	0	SRR413746	0	0	0	t2d	0
0	0	0	SRR413747	0	0	0	t2d	0
0	0	0	SRR413748	0	0	0	t2d	0
0	0	0	SRR413749	0	0	0	t2d	0
0	0	0	SRR413750	0	0	0	t2d	0
0	0	0	SRR413751	0	0	0	t2d	0
0	0	0	SRR413752	0	0	0	t2d	0
0	0	0	SRR413753	0	0	0	t2d	0
0	0	0	SRR413754	0	0	0	t2d	0
0	0	0	SRR413755	0	0	0	t2d	0
0	0	0	SRR413756	0	0	0	t2d	0
0	0	0	SRR413757	0	0	0	t2d	0
0	0	0	SRR413758	0	0	0	con	0
0	0	0	SRR413759	0	0	0	t2d	0
0	0	0	SRR413760	0	0	0	t2d	0
0	0	0	SRR413761	0	0	0	t2d	0
0	0	0	SRR413762	0	0	0	t2d	0
0	0	0	SRR413763	0	0	0	t2d	0
0	0	0	SRR413764	0	0	0	t2d	0
0	0	0	SRR413765	0	0	0	t2d	0
0	0	0	SRR413766	0	0	0	t2d	0
0	0	0	SRR413767	0	0	0	t2d	0
0	0	0	SRR413768	0	0	0	con	0
0	0	0	SRR413769	0	0	0	t2d	0
0	0	0	SRR413770	0	0	0	t2d	0
0	0	0	SRR413771	0	0	0	t2d	0
0	0	0	SRR413772	0	0	0	t2d	0
0	0	0	SRR413773	0	0	0	t2d	0
